{
 "cells": [
  {
   "cell_type": "markdown",
   "metadata": {
    "vscode": {
     "languageId": "raw"
    }
   },
   "source": [
    "### Maximum Sharpe Ratio Portfolio\n",
    "\n",
    " The portfolio that offers the highest Sharpe ratio, meaning it provides the best risk-adjusted return. "
   ]
  },
  {
   "cell_type": "raw",
   "metadata": {
    "vscode": {
     "languageId": "raw"
    }
   },
   "source": [
    "%load_ext fireducks.pandas\n",
    "import pandas as pd\n",
    "# load the extension "
   ]
  },
  {
   "cell_type": "code",
   "execution_count": null,
   "metadata": {},
   "outputs": [],
   "source": [
    "from datetime import date, datetime, timedelta\n",
    "\n",
    "import fireducks.pandas as pd # FireDucks also provides a pandas-like module\n",
    "# Python API for Federal Reserve Economic Data (FRED) from St. Louis Fed\n",
    "from fredapi import Fred\n",
    "import numpy as np\n",
    "import yfinance as yf\n",
    "\n",
    "from datetime import date, timedelta"
   ]
  },
  {
   "cell_type": "code",
   "execution_count": null,
   "metadata": {},
   "outputs": [],
   "source": []
  },
  {
   "cell_type": "code",
   "execution_count": 2,
   "metadata": {},
   "outputs": [],
   "source": [
    "# Example stocks and the time period chosen\n",
    "stock_symbols = ['AAPL', 'MSFT', 'GOOGL', 'AMZN', 'TSLA']\n",
    "\n",
    "end_date = date.today()\n",
    "start_date = end_date - timedelta(days=365)\n",
    "\n",
    "# We get Treasury yield data from FRED\n",
    "api_key = \"0d206dd5b47e2d7e6a217b6cdc7a960e\""
   ]
  },
  {
   "cell_type": "code",
   "execution_count": null,
   "metadata": {},
   "outputs": [
    {
     "name": "stderr",
     "output_type": "stream",
     "text": [
      "[*********************100%***********************]  5 of 5 completed\n",
      "\n",
      "5 Failed downloads:\n",
      "['MSFT', 'TSLA', 'GOOGL', 'AMZN', 'AAPL']: JSONDecodeError('Expecting value: line 1 column 1 (char 0)')\n"
     ]
    },
    {
     "data": {
      "text/html": [
       "<div>\n",
       "<style scoped>\n",
       "    .dataframe tbody tr th:only-of-type {\n",
       "        vertical-align: middle;\n",
       "    }\n",
       "\n",
       "    .dataframe tbody tr th {\n",
       "        vertical-align: top;\n",
       "    }\n",
       "\n",
       "    .dataframe thead th {\n",
       "        text-align: right;\n",
       "    }\n",
       "</style>\n",
       "<table border=\"1\" class=\"dataframe\">\n",
       "  <thead>\n",
       "    <tr style=\"text-align: right;\">\n",
       "      <th>Ticker</th>\n",
       "      <th>AAPL</th>\n",
       "      <th>AMZN</th>\n",
       "      <th>GOOGL</th>\n",
       "      <th>MSFT</th>\n",
       "      <th>TSLA</th>\n",
       "    </tr>\n",
       "    <tr>\n",
       "      <th>Date</th>\n",
       "      <th></th>\n",
       "      <th></th>\n",
       "      <th></th>\n",
       "      <th></th>\n",
       "      <th></th>\n",
       "    </tr>\n",
       "  </thead>\n",
       "  <tbody>\n",
       "  </tbody>\n",
       "</table>\n",
       "</div>"
      ],
      "text/plain": [
       "Empty DataFrame\n",
       "Columns: [AAPL, AMZN, GOOGL, MSFT, TSLA]\n",
       "Index: []"
      ]
     },
     "execution_count": 13,
     "metadata": {},
     "output_type": "execute_result"
    }
   ],
   "source": [
    "#Extraction of relevant data from yfinance\n",
    "data = yf.download(\n",
    "    stock_symbols,\n",
    "    start=start_date, end=end_date,\n",
    "    )['Close']\n",
    "data"
   ]
  },
  {
   "cell_type": "code",
   "execution_count": 4,
   "metadata": {},
   "outputs": [
    {
     "data": {
      "text/html": [
       "<div>\n",
       "<style scoped>\n",
       "    .dataframe tbody tr th:only-of-type {\n",
       "        vertical-align: middle;\n",
       "    }\n",
       "\n",
       "    .dataframe tbody tr th {\n",
       "        vertical-align: top;\n",
       "    }\n",
       "\n",
       "    .dataframe thead th {\n",
       "        text-align: right;\n",
       "    }\n",
       "</style>\n",
       "<table border=\"1\" class=\"dataframe\">\n",
       "  <thead>\n",
       "    <tr style=\"text-align: right;\">\n",
       "      <th>Ticker</th>\n",
       "      <th>AAPL</th>\n",
       "      <th>AMZN</th>\n",
       "      <th>GOOGL</th>\n",
       "      <th>MSFT</th>\n",
       "      <th>TSLA</th>\n",
       "    </tr>\n",
       "    <tr>\n",
       "      <th>Date</th>\n",
       "      <th></th>\n",
       "      <th></th>\n",
       "      <th></th>\n",
       "      <th></th>\n",
       "      <th></th>\n",
       "    </tr>\n",
       "  </thead>\n",
       "  <tbody>\n",
       "  </tbody>\n",
       "</table>\n",
       "</div>"
      ],
      "text/plain": [
       "Empty DataFrame\n",
       "Columns: [AAPL, AMZN, GOOGL, MSFT, TSLA]\n",
       "Index: []"
      ]
     },
     "execution_count": 4,
     "metadata": {},
     "output_type": "execute_result"
    }
   ],
   "source": [
    "# Returns\n",
    "returns = data.pct_change(periods=1).dropna() \n",
    "# Fractional change between the current and a prior element (by the periods).\n",
    "returns"
   ]
  },
  {
   "cell_type": "code",
   "execution_count": 12,
   "metadata": {},
   "outputs": [
    {
     "data": {
      "text/plain": [
       "datetime.date(2024, 3, 18)"
      ]
     },
     "execution_count": 12,
     "metadata": {},
     "output_type": "execute_result"
    }
   ],
   "source": [
    "start_date"
   ]
  },
  {
   "cell_type": "code",
   "execution_count": null,
   "metadata": {},
   "outputs": [
    {
     "ename": "IndexError",
     "evalue": "single positional indexer is out-of-bounds",
     "output_type": "error",
     "traceback": [
      "\u001b[31m---------------------------------------------------------------------------\u001b[39m",
      "\u001b[31mIndexError\u001b[39m                                Traceback (most recent call last)",
      "\u001b[36mCell\u001b[39m\u001b[36m \u001b[39m\u001b[32mIn[5]\u001b[39m\u001b[32m, line 2\u001b[39m\n\u001b[32m      1\u001b[39m \u001b[38;5;66;03m# Annualize returns (CAGR)\u001b[39;00m\n\u001b[32m----> \u001b[39m\u001b[32m2\u001b[39m total_returns = \u001b[43mdata\u001b[49m\u001b[43m.\u001b[49m\u001b[43miloc\u001b[49m\u001b[43m[\u001b[49m\u001b[43m-\u001b[49m\u001b[32;43m1\u001b[39;49m\u001b[43m]\u001b[49m / data.iloc[\u001b[32m0\u001b[39m] - \u001b[32m1\u001b[39m\n\u001b[32m      3\u001b[39m total_returns\n",
      "\u001b[36mFile \u001b[39m\u001b[32m/mnt/e/zhaohuiwang/dev/venvs/poetry-venvs/finance/.venv/lib/python3.12/site-packages/pandas/core/indexing.py:1191\u001b[39m, in \u001b[36m_LocationIndexer.__getitem__\u001b[39m\u001b[34m(self, key)\u001b[39m\n\u001b[32m   1189\u001b[39m maybe_callable = com.apply_if_callable(key, \u001b[38;5;28mself\u001b[39m.obj)\n\u001b[32m   1190\u001b[39m maybe_callable = \u001b[38;5;28mself\u001b[39m._check_deprecated_callable_usage(key, maybe_callable)\n\u001b[32m-> \u001b[39m\u001b[32m1191\u001b[39m \u001b[38;5;28;01mreturn\u001b[39;00m \u001b[38;5;28;43mself\u001b[39;49m\u001b[43m.\u001b[49m\u001b[43m_getitem_axis\u001b[49m\u001b[43m(\u001b[49m\u001b[43mmaybe_callable\u001b[49m\u001b[43m,\u001b[49m\u001b[43m \u001b[49m\u001b[43maxis\u001b[49m\u001b[43m=\u001b[49m\u001b[43maxis\u001b[49m\u001b[43m)\u001b[49m\n",
      "\u001b[36mFile \u001b[39m\u001b[32m/mnt/e/zhaohuiwang/dev/venvs/poetry-venvs/finance/.venv/lib/python3.12/site-packages/pandas/core/indexing.py:1752\u001b[39m, in \u001b[36m_iLocIndexer._getitem_axis\u001b[39m\u001b[34m(self, key, axis)\u001b[39m\n\u001b[32m   1749\u001b[39m     \u001b[38;5;28;01mraise\u001b[39;00m \u001b[38;5;167;01mTypeError\u001b[39;00m(\u001b[33m\"\u001b[39m\u001b[33mCannot index by location index with a non-integer key\u001b[39m\u001b[33m\"\u001b[39m)\n\u001b[32m   1751\u001b[39m \u001b[38;5;66;03m# validate the location\u001b[39;00m\n\u001b[32m-> \u001b[39m\u001b[32m1752\u001b[39m \u001b[38;5;28;43mself\u001b[39;49m\u001b[43m.\u001b[49m\u001b[43m_validate_integer\u001b[49m\u001b[43m(\u001b[49m\u001b[43mkey\u001b[49m\u001b[43m,\u001b[49m\u001b[43m \u001b[49m\u001b[43maxis\u001b[49m\u001b[43m)\u001b[49m\n\u001b[32m   1754\u001b[39m \u001b[38;5;28;01mreturn\u001b[39;00m \u001b[38;5;28mself\u001b[39m.obj._ixs(key, axis=axis)\n",
      "\u001b[36mFile \u001b[39m\u001b[32m/mnt/e/zhaohuiwang/dev/venvs/poetry-venvs/finance/.venv/lib/python3.12/site-packages/pandas/core/indexing.py:1685\u001b[39m, in \u001b[36m_iLocIndexer._validate_integer\u001b[39m\u001b[34m(self, key, axis)\u001b[39m\n\u001b[32m   1683\u001b[39m len_axis = \u001b[38;5;28mlen\u001b[39m(\u001b[38;5;28mself\u001b[39m.obj._get_axis(axis))\n\u001b[32m   1684\u001b[39m \u001b[38;5;28;01mif\u001b[39;00m key >= len_axis \u001b[38;5;129;01mor\u001b[39;00m key < -len_axis:\n\u001b[32m-> \u001b[39m\u001b[32m1685\u001b[39m     \u001b[38;5;28;01mraise\u001b[39;00m \u001b[38;5;167;01mIndexError\u001b[39;00m(\u001b[33m\"\u001b[39m\u001b[33msingle positional indexer is out-of-bounds\u001b[39m\u001b[33m\"\u001b[39m)\n",
      "\u001b[31mIndexError\u001b[39m: single positional indexer is out-of-bounds"
     ]
    }
   ],
   "source": [
    "# Annualize returns (CAGR)\n",
    "total_returns = data.iloc[-1] / data.iloc[0] - 1\n",
    "total_returns"
   ]
  },
  {
   "cell_type": "code",
   "execution_count": null,
   "metadata": {},
   "outputs": [
    {
     "data": {
      "text/plain": [
       "249"
      ]
     },
     "execution_count": 6,
     "metadata": {},
     "output_type": "execute_result"
    }
   ],
   "source": [
    "trading_days = returns.shape[0]\n",
    "trading_days"
   ]
  },
  {
   "cell_type": "code",
   "execution_count": null,
   "metadata": {},
   "outputs": [
    {
     "name": "stdout",
     "output_type": "stream",
     "text": [
      "[[ 0.32750368]\n",
      " [ 0.13299242]\n",
      " [ 0.21338847]\n",
      " [-0.05366621]\n",
      " [ 0.25300828]]\n"
     ]
    }
   ],
   "source": [
    "\n",
    "annualized_returns = (1 + total_returns) ** (252 / trading_days) - 1\n",
    "# Expected Return Matrix\n",
    "ER_matrix = annualized_returns.values.reshape(-1, 1)\n",
    "# pass -1 to a unknown dimension (the value will be inferred)\n",
    "print(ER_matrix)\n"
   ]
  },
  {
   "cell_type": "code",
   "execution_count": null,
   "metadata": {},
   "outputs": [
    {
     "data": {
      "text/html": [
       "<div>\n",
       "<style scoped>\n",
       "    .dataframe tbody tr th:only-of-type {\n",
       "        vertical-align: middle;\n",
       "    }\n",
       "\n",
       "    .dataframe tbody tr th {\n",
       "        vertical-align: top;\n",
       "    }\n",
       "\n",
       "    .dataframe thead th {\n",
       "        text-align: right;\n",
       "    }\n",
       "</style>\n",
       "<table border=\"1\" class=\"dataframe\">\n",
       "  <thead>\n",
       "    <tr style=\"text-align: right;\">\n",
       "      <th>Ticker</th>\n",
       "      <th>AAPL</th>\n",
       "      <th>AMZN</th>\n",
       "      <th>GOOGL</th>\n",
       "      <th>MSFT</th>\n",
       "      <th>TSLA</th>\n",
       "    </tr>\n",
       "    <tr>\n",
       "      <th>Ticker</th>\n",
       "      <th></th>\n",
       "      <th></th>\n",
       "      <th></th>\n",
       "      <th></th>\n",
       "      <th></th>\n",
       "    </tr>\n",
       "  </thead>\n",
       "  <tbody>\n",
       "    <tr>\n",
       "      <th>AAPL</th>\n",
       "      <td>0.000236</td>\n",
       "      <td>0.000093</td>\n",
       "      <td>0.000091</td>\n",
       "      <td>0.000094</td>\n",
       "      <td>0.000245</td>\n",
       "    </tr>\n",
       "    <tr>\n",
       "      <th>AMZN</th>\n",
       "      <td>0.000093</td>\n",
       "      <td>0.000310</td>\n",
       "      <td>0.000183</td>\n",
       "      <td>0.000157</td>\n",
       "      <td>0.000287</td>\n",
       "    </tr>\n",
       "    <tr>\n",
       "      <th>GOOGL</th>\n",
       "      <td>0.000091</td>\n",
       "      <td>0.000183</td>\n",
       "      <td>0.000332</td>\n",
       "      <td>0.000127</td>\n",
       "      <td>0.000282</td>\n",
       "    </tr>\n",
       "    <tr>\n",
       "      <th>MSFT</th>\n",
       "      <td>0.000094</td>\n",
       "      <td>0.000157</td>\n",
       "      <td>0.000127</td>\n",
       "      <td>0.000185</td>\n",
       "      <td>0.000197</td>\n",
       "    </tr>\n",
       "    <tr>\n",
       "      <th>TSLA</th>\n",
       "      <td>0.000245</td>\n",
       "      <td>0.000287</td>\n",
       "      <td>0.000282</td>\n",
       "      <td>0.000197</td>\n",
       "      <td>0.001789</td>\n",
       "    </tr>\n",
       "  </tbody>\n",
       "</table>\n",
       "</div>"
      ],
      "text/plain": [
       "Ticker      AAPL      AMZN     GOOGL      MSFT      TSLA\n",
       "Ticker                                                  \n",
       "AAPL    0.000236  0.000093  0.000091  0.000094  0.000245\n",
       "AMZN    0.000093  0.000310  0.000183  0.000157  0.000287\n",
       "GOOGL   0.000091  0.000183  0.000332  0.000127  0.000282\n",
       "MSFT    0.000094  0.000157  0.000127  0.000185  0.000197\n",
       "TSLA    0.000245  0.000287  0.000282  0.000197  0.001789"
      ]
     },
     "execution_count": 8,
     "metadata": {},
     "output_type": "execute_result"
    }
   ],
   "source": [
    "#Covariance Matrix\n",
    "cov_matrix = returns.cov()\n",
    "cov_matrix"
   ]
  },
  {
   "cell_type": "code",
   "execution_count": null,
   "metadata": {},
   "outputs": [
    {
     "data": {
      "text/plain": [
       "array([[ 5742.00269761,    57.60378928,  -336.05788588, -2210.11843689,\n",
       "         -498.08578794],\n",
       "       [   57.60378928,  6701.43926221, -1874.09097324, -4075.71451485,\n",
       "         -336.83194379],\n",
       "       [ -336.05788588, -1874.09097324,  4852.92870993, -1261.5429725 ,\n",
       "         -279.29907561],\n",
       "       [-2210.11843689, -4075.71451485, -1261.5429725 , 10890.26231882,\n",
       "          -47.02350373],\n",
       "       [ -498.08578794,  -336.83194379,  -279.29907561,   -47.02350373,\n",
       "          730.28310165]])"
      ]
     },
     "execution_count": 9,
     "metadata": {},
     "output_type": "execute_result"
    }
   ],
   "source": [
    "#Inverse Covariance Matrix\n",
    "inv_cov_matrix = np.linalg.inv(cov_matrix)\n",
    "inv_cov_matrix"
   ]
  },
  {
   "cell_type": "code",
   "execution_count": null,
   "metadata": {},
   "outputs": [],
   "source": [
    "# Initialize FRED object\n",
    "fred = Fred(api_key=api_key)\n",
    "\n",
    "# Fetch 10-Year Treasury Constant Maturity Rate (GS10)\n",
    "treasury_yield = fred.get_series('GS10', start_date, end_date)\n",
    "\n"
   ]
  },
  {
   "cell_type": "code",
   "execution_count": null,
   "metadata": {},
   "outputs": [
    {
     "name": "stdout",
     "output_type": "stream",
     "text": [
      "The avg risk free rate applicable for the period is 0.04\n"
     ]
    }
   ],
   "source": [
    "# Average risk-free rate over the period\n",
    "avg_rf_rate = treasury_yield.mean()/100\n",
    "print(f\"The avg risk free rate applicable for the period is {avg_rf_rate:.2f}\")"
   ]
  },
  {
   "cell_type": "code",
   "execution_count": null,
   "metadata": {},
   "outputs": [
    {
     "data": {
      "text/plain": [
       "array([[0.04275833],\n",
       "       [0.04275833],\n",
       "       [0.04275833],\n",
       "       [0.04275833],\n",
       "       [0.04275833]])"
      ]
     },
     "execution_count": 12,
     "metadata": {},
     "output_type": "execute_result"
    }
   ],
   "source": [
    "ones_column = np.ones((len(stock_symbols), 1)) #The ones column\n",
    "scaled_rf = np.dot(avg_rf_rate, ones_column) #risk free rate scaled\n",
    "scaled_rf"
   ]
  },
  {
   "cell_type": "code",
   "execution_count": null,
   "metadata": {},
   "outputs": [
    {
     "data": {
      "text/plain": [
       "array([[ 0.28474535],\n",
       "       [ 0.09023408],\n",
       "       [ 0.17063013],\n",
       "       [-0.09642454],\n",
       "       [ 0.21024995]])"
      ]
     },
     "execution_count": 13,
     "metadata": {},
     "output_type": "execute_result"
    }
   ],
   "source": [
    "x = (ER_matrix - scaled_rf)\n",
    "x"
   ]
  },
  {
   "cell_type": "code",
   "execution_count": null,
   "metadata": {},
   "outputs": [
    {
     "name": "stdout",
     "output_type": "stream",
     "text": [
      "[[ 2.78711221]\n",
      " [ 1.02750885]\n",
      " [ 1.03191697]\n",
      " [-3.74469099]\n",
      " [-0.10184705]]\n",
      "0.9999999999999996\n"
     ]
    }
   ],
   "source": [
    "numerator = np.dot(inv_cov_matrix,x)\n",
    "denominator = np.dot(np.dot(ones_column.T,inv_cov_matrix),x)\n",
    "#Optimal Weights for Max Sharpe Ratio\n",
    "wts = numerator/denominator\n",
    "print(wts)\n",
    "print(wts.sum())"
   ]
  },
  {
   "cell_type": "code",
   "execution_count": null,
   "metadata": {},
   "outputs": [
    {
     "name": "stdout",
     "output_type": "stream",
     "text": [
      "Portfolio Sharpe Ratio: [[1.83743721]]\n"
     ]
    }
   ],
   "source": [
    "weights = np.array(wts)\n",
    "# Portfolio returns and standard deviation\n",
    "portfolio_return = np.dot(annualized_returns, weights)\n",
    "portfolio_std_dev = np.sqrt(np.dot(weights.T, np.dot(returns.cov() *\n",
    "252, weights)))\n",
    "# {ortfolio Sharpe ratio\n",
    "portfolio_sharpe_ratio = (portfolio_return - avg_rf_rate) / portfolio_std_dev\n",
    "print(f\"Portfolio Sharpe Ratio: {portfolio_sharpe_ratio}\")"
   ]
  },
  {
   "cell_type": "code",
   "execution_count": null,
   "metadata": {},
   "outputs": [],
   "source": []
  },
  {
   "cell_type": "code",
   "execution_count": null,
   "metadata": {},
   "outputs": [],
   "source": []
  }
 ],
 "metadata": {
  "kernelspec": {
   "display_name": ".venv",
   "language": "python",
   "name": "python3"
  },
  "language_info": {
   "codemirror_mode": {
    "name": "ipython",
    "version": 3
   },
   "file_extension": ".py",
   "mimetype": "text/x-python",
   "name": "python",
   "nbconvert_exporter": "python",
   "pygments_lexer": "ipython3",
   "version": "3.12.3"
  }
 },
 "nbformat": 4,
 "nbformat_minor": 2
}
